01150011919
01150021919
01150031919
01150041919
01150051919
01150061919
01150071919
01150081919
01150091919
01150101919
01150111919
01150121919
02150011919
02150021919
02150031919
02150041919
02150051919
02150061919
02150071919
02150081919
02150091919
02150101919
02150111919
02150121919
03500100919
04600041819
05200010119
06250022119
07250022119
08250032219
09250022119
10250022119
11250022119
12250022119
13250022119
14250022119
15250022119
16250022119
17250022119
18250022119
19250022119
20300041919
21275012019
22450042219
23475031319
24500041619
25750031819

